7.0544774532318115
7.306923151016235
7.6082987785339355
8.115687847137451
8.3680419921875
8.619186162948608
9.176334857940674
9.428080558776855
9.730699300765991
9.981744527816772
10.2351975440979
10.486341714859009
11.190400123596191
11.492299318313599
11.74465537071228
12.255604028701782
12.557095050811768
12.807431697845459
13.109590530395508
13.364211082458496
13.565201044082642
15.378001689910889
15.930599212646484
16.484522104263306
16.73660945892334
16.987555265426636
17.489574670791626
17.740652561187744
18.0457706451416
18.298012018203735
18.54914355278015
18.79960870742798
20.613129377365112
20.865564584732056
21.117170810699463
21.41929841041565
21.720735549926758
21.922114849090576
23.787288188934326
23.939724922180176
24.191996574401855
24.544289588928223
24.79448938369751
25.045188665390015
25.346187591552734
25.851744651794434
26.10469126701355
26.304946184158325
26.85957145690918
27.110464811325073
27.415300369262695
27.918955087661743
28.171042442321777
28.321324110031128
28.724833488464355
28.975268125534058
29.22812819480896
29.4792697429657
29.730340242385864
30.03222370147705
30.282419204711914
30.786081790924072
31.287360191345215
31.89070963859558
32.8967981338501
33.14809775352478
33.4493248462677
33.901038646698
34.15500831604004
34.961491107940674
35.218308210372925
35.47210121154785
35.97789239883423
36.27932167053223
36.98656916618347
37.28763699531555
37.84233570098877
38.146241188049316
38.347190380096436
38.60183119773865
39.86233043670654
40.11513423919678
40.4161810874939
40.71906876564026
41.020201206207275
41.72212815284729
42.83168888092041
43.03188133239746
43.38592314720154
43.838008403778076
44.340598821640015
44.6422381401062
44.89496326446533
45.19637060165405
45.900994300842285
46.15406060218811
46.96043252944946
47.21220088005066
47.56378483772278
48.014888048172
49.32193636894226
49.82497310638428
50.27917122840881
50.58075404167175
51.03589725494385
51.18701887130737
51.33786201477051
51.689772605895996
51.946449995040894
52.1984589099884
52.34866714477539
53.204776763916016
53.35585427284241
53.558319091796875
53.81123447418213
54.01150941848755
54.26427745819092
54.46591234207153
54.766403675079346
55.067811012268066
55.318129777908325
55.82154369354248
57.68960452079773
58.14386248588562
58.54542684555054
58.94770336151123
59.255488872528076
59.50616908073425
59.656280517578125
60.01002359390259
60.26115560531616
60.5120108127594
60.66213870048523
61.519447803497314
61.823177099227905
62.12411069869995
62.375885009765625
62.628350019454956
62.77942419052124
63.08012127876282
63.38214564323425
63.63495373725891
63.78688311576843
64.14010977745056
68.13848853111267
68.6409797668457
69.19708633422852
69.44740581512451
69.60210347175598
70.20575022697449
70.70984363555908
71.21211290359497
71.51412010192871
71.66546034812927
72.319815158844
72.83210873603821
73.33593082427979
73.63685536384583
73.78779339790344
74.3915274143219
74.89515805244446
75.39792823791504
75.70387148857117
75.85583686828613
76.41135001182556
76.91621899604797
77.21707010269165
77.36743402481079
77.76807594299316
78.02055978775024
78.27137064933777
78.47161602973938
78.87494540214539
79.07723426818848
79.3289442062378
79.53112316131592
79.83268356323242
80.0858359336853
80.34506320953369
80.7974865436554
81.40130400657654
81.65478181838989
81.90731859207153
82.20845603942871
82.45880079269409
83.71651649475098
84.01820302009583
84.32290315628052
84.52387070655823
84.82830047607422
85.58317279815674
85.88699412345886
86.58939838409424
86.89433121681213
87.25306797027588
87.70950818061829
88.2115364074707
88.46460175514221
88.71609473228455
88.96749210357666
89.77113556861877
89.97327709197998
90.8294198513031
91.08060598373413
91.43508291244507
91.83902788162231
93.14543581008911
93.64962458610535
94.05294728279114
94.40525007247925
94.9082305431366
95.0590717792511
95.20933532714844
95.51020932197571
95.76594042778015
96.0170783996582
96.16766738891602
96.97176432609558
97.12187027931213
97.372145652771
97.57506704330444
97.82682991027832
98.23011493682861
98.58395195007324
98.88641786575317
99.18829917907715
99.64137125015259
101.50379633903503
102.00622868537903
102.3588662147522
102.81385016441345
103.11603283882141
103.3179497718811
103.46982312202454
103.8217453956604
104.12303948402405
104.37515115737915
104.57752203941345
105.32984375953674
105.58022928237915
105.88331484794617
106.185467004776
106.44319558143616
106.5978012084961
107.00179958343506
107.25497436523438
107.50557851791382
107.65710377693176
108.01097464561462
110.38493990898132
110.58616638183594
110.78838062286377
111.14081692695618
111.4422447681427
111.69588446617126
111.84695219993591
112.19961977005005
112.7595112323761
114.5259759426117
114.82887053489685
114.98083972930908
115.2856194972992
115.58717799186707
115.83923506736755
115.9900598526001
116.89697027206421
117.39937448501587
118.15538215637207
118.70940136909485
119.26281642913818
119.76525735855103
120.26711916923523
121.32194995880127
121.82658791542053
122.27922177314758
122.58104610443115
122.83407425880432
123.13570713996887
123.43974018096924
123.6910765171051
123.94321250915527
124.19505476951599
124.69833612442017
124.99979662895203
125.25005388259888
125.45071458816528
125.75335717201233
126.00511264801025
126.30851578712463
126.56075882911682
127.31565427780151
127.56695413589478
128.3703966140747
128.62303829193115
129.02845239639282
129.43004846572876
130.18497371673584
130.4857873916626
130.73717951774597
131.4905641078949
131.74322605133057
132.49897360801697
132.7493133544922
133.20265412330627
133.65578389167786
134.8607954978943
135.36608958244324
135.81776571273804
136.2194218635559
136.7217092514038
136.92734265327454
137.23346304893494
137.73702931404114
137.8894989490509
138.69795656204224
138.89808011054993
139.0988278388977
139.34993290901184
139.60180807113647
139.85610389709473
140.00967693328857
140.36389923095703
140.66755938529968
140.96792459487915
141.3713240623474
143.23671007156372
143.7426257133484
144.14621877670288
144.54748964309692
144.84907746315002
145.1007947921753
145.20195603370667
145.55474972724915
145.85642075538635
146.10934472084045
146.26057028770447
147.0737326145172
147.22618985176086
147.42807698249817
147.68114805221558
147.93549990653992
148.23751258850098
148.3378345966339
148.6892795562744
149.2418658733368
149.39292359352112
149.74571657180786
151.55802297592163
152.11405634880066
152.5161910057068
152.91966438293457
153.22203063964844
153.47238183021545
153.57380723953247
153.92954754829407
154.2299656867981
154.43294048309326
154.63495254516602
155.39034795761108
155.79723501205444
156.04972338676453
156.30432152748108
156.5566442012787
156.70908522605896
157.0604865550995
157.36280965805054
157.61577463150024
157.76685547828674
158.11872553825378
