6.400099277496338
6.551396131515503
6.7529637813568115
6.903718709945679
7.306227684020996
7.713935613632202
8.06776738166809
8.420238494873047
9.278444528579712
9.430989027023315
9.634114742279053
9.850224256515503
10.205297470092773
10.557781219482422
10.910915851593018
11.264586448669434
11.668343782424927
12.12313437461853
12.12313437461853
12.324914455413818
12.53067135810852
12.682973861694336
13.036083698272705
13.542438268661499
13.694575548171997
13.694575548171997
13.900137424468994
14.05151915550232
14.45682406425476
14.961419343948364
15.516324520111084
16.029354333877563
16.590278148651123
17.09512996673584
17.447888135910034
17.818289756774902
17.818289756774902
17.97196674346924
18.183730363845825
18.33442759513855
18.736504077911377
19.090932607650757
19.442083835601807
19.797096014022827
20.603533506393433
21.157682180404663
21.5605309009552
21.917180061340332
21.917180061340332
22.27424716949463
22.62631344795227
22.827951669692993
22.978515148162842
23.231542110443115
23.585453510284424
23.737414598464966
23.737414598464966
23.94367027282715
24.199312686920166
24.452495336532593
24.80601930618286
25.106592178344727
25.309453010559082
25.309453010559082
25.461322784423828
25.866336822509766
26.23145341873169
27.74698042869568
29.56750798225403
29.919463396072388
30.478015661239624
30.680052042007446
30.832492113113403
30.984150648117065
31.690343141555786
31.841768980026245
32.04380822181702
32.45837354660034
32.61117482185364
32.9628746509552
33.1142475605011
34.32525396347046
34.481194734573364
34.692394733428955
34.692394733428955
34.895103216171265
35.396925926208496
35.95309591293335
36.458040952682495
37.06473207473755
37.36780905723572
37.36780905723572
37.77262830734253
38.27796983718872
38.832268714904785
38.98291730880737
39.38560152053833
39.689180850982666
39.89163613319397
40.296337842941284
40.65161395072937
41.612114906311035
41.814192056655884
43.0222487449646
43.22499442100525
44.448179721832275
44.650328636169434
45.056158781051636
45.056158781051636
45.466004848480225
45.82038974761963
46.173413038253784
46.47734069824219
46.679848432540894
47.442209005355835
47.593332052230835
47.94562029838562
48.30013728141785
48.65501928329468
49.008058309555054
49.16021966934204
49.36203336715698
49.71471333503723
50.068411111831665
50.42029047012329
51.930556774139404
52.08276581764221
52.43490409851074
52.58510971069336
52.989461183547974
53.34716463088989
53.70230150222778
54.40556192398071
54.55652618408203
54.55652618408203
54.75906777381897
54.91185188293457
55.26775908470154
55.26775908470154
55.47131562232971
55.82966136932373
56.183348655700684
56.587753772735596
57.54423642158508
57.69603681564331
57.84760403633118
58.504048109054565
59.21099829673767
59.71611142158508
60.221460580825806
60.221460580825806
60.42366576194763
60.57513189315796
61.636740922927856
61.636740922927856
61.84141778945923
62.04351735115051
63.15409731864929
63.3569393157959
63.508397579193115
64.46598839759827
64.66673827171326
65.82561898231506
65.97649765014648
66.12722539901733
66.328125
67.33465266227722
67.54048252105713
68.24814343452454
68.24814343452454
68.40090751647949
68.95617318153381
69.10711193084717
69.51928806304932
69.87270045280457
70.22604775428772
70.42825675010681
70.78235340118408
70.93366289138794
71.33627605438232
71.33627605438232
71.69019651412964
71.84216117858887
71.84216117858887
72.19515800476074
72.39582991600037
72.7473692893982
73.10010266304016
73.2516701221466
73.46164131164551
73.46164131164551
74.32500076293945
74.52579426765442
74.52579426765442
74.67749738693237
74.88035821914673
75.58748269081116
76.09433627128601
77.15257692337036
77.35491275787354
77.51155257225037
77.72176456451416
78.07522463798523
78.27698850631714
78.6301486492157
78.9834988117218
79.33613681793213
79.64312434196472
80.0025246143341
80.60835719108582
81.41926550865173
81.58024621009827
81.58024621009827
81.78276681900024
82.04169654846191
82.34421157836914
82.54518628120422
83.35378289222717
83.79762053489685
83.95454955101013
84.30845189094543
84.71134209632874
85.064120054245
85.5164623260498
85.71735882759094
85.92246341705322
86.12346744537354
86.47632384300232
86.47632384300232
86.88045358657837
87.33525443077087
87.5873544216156
87.94408559799194
88.24608755111694
88.24608755111694
88.9025866985321
89.05360555648804
89.50925374031067
89.7203369140625
90.08086013793945
90.43271112442017
90.78644871711731
91.09005784988403
91.5447027683258
91.90242385864258
92.66556167602539
92.66556167602539
93.16939663887024
93.37128496170044
93.97753500938416
94.17796635627747
94.58028984069824
94.78255915641785
95.73958253860474
95.94135236740112
96.10147953033447
96.30419182777405
97.3160469532013
97.3160469532013
97.46710300445557
97.72178888320923
97.87550377845764
98.08242869377136
98.28430795669556
98.63793015480042
99.04148364067078
99.39404773712158
99.39404773712158
99.69563961029053
100.55410051345825
100.75528407096863
100.90643310546875
101.11336779594421
101.46632695198059
101.87024474143982
102.22906732559204
102.53118133544922
103.44216990470886
103.44216990470886
103.64430403709412
103.79502296447754
103.94624972343445
103.94624972343445
104.80817484855652
105.01193857192993
105.16431975364685
105.31567764282227
105.71917724609375
106.32443571090698
106.87824892997742
107.3324248790741
107.83929467201233
108.39480233192444
108.798330783844
109.15256929397583
109.50745391845703
109.65827226638794
110.06136178970337
110.41609382629395
110.77147388458252
110.77147388458252
111.1262993812561
111.93484234809875
112.53912472724915
112.89429521560669
113.24732828140259
113.24732828140259
113.6020987033844
114.1064932346344
114.2652907371521
114.46943759918213
114.62138748168945
114.82438826560974
114.97503566741943
115.17623209953308
115.72823166847229
116.08074808120728
116.63426971435547
116.78590846061707
117.19001936912537
117.54393744468689
119.05509972572327
120.5683970451355
120.92206001281738
121.12458348274231
121.47898030281067
122.18575978279114
122.94650387763977
123.09748125076294
123.2476134300232
123.45107913017273
123.80447292327881
123.95590043067932
124.30907964706421
124.66293907165527
125.02114129066467
125.67941188812256
125.88251948356628
126.08520650863647
126.23612833023071
126.95128345489502
127.66019749641418
127.66019749641418
128.21466541290283
128.72078919410706
128.92179369926453
128.92179369926453
129.07394456863403
130.0840880870819
130.3350157737732
130.486820936203
131.60129714012146
131.7528781890869
131.90429735183716
132.9645357131958
133.16516780853271
134.2253496646881
134.42545199394226
134.42545199394226
134.62728714942932
134.77805757522583
135.90860652923584
135.90860652923584
136.05915236473083
136.714341878891
136.86571383476257
137.4732780456543
137.62439107894897
137.62439107894897
138.02692770957947
138.3795359134674
138.7835566997528
138.93474078178406
139.4416046142578
139.79533171653748
140.1978738307953
140.347891330719
140.347891330719
140.7022521495819
140.91078543663025
141.2660756111145
141.6259515285492
141.77734804153442
141.77734804153442
141.9802827835083
142.80126118659973
142.80126118659973
142.96759486198425
143.11947464942932
143.3208522796631
144.07631754875183
144.631178855896
145.68944096565247
145.84125518798828
146.0413637161255
146.24386310577393
146.64763641357422
146.79926657676697
147.15442538261414
147.50700736045837
147.8612985610962
148.21681785583496
148.57112956047058
150.03450560569763
150.1864447593689
150.3381118774414
150.5411307811737
150.8453345298767
151.047602891922
151.90451169013977
152.25772905349731
152.46048736572266
152.81403946876526
153.16754269599915
153.5243444442749
153.9801061153412
154.18338775634766
154.3849847316742
154.3849847316742
154.58642578125
154.98922300338745
155.2920789718628
155.84529519081116
155.99624347686768
156.4000163078308
156.70435690879822
157.40941715240479
157.5640263557434
157.96726489067078
158.16925883293152
158.5224792957306
158.87515544891357
159.22725915908813
159.5792784690857
159.9323627948761
159.9323627948761
160.3358883857727
161.14468121528625
161.39599418640137
161.65782284736633
161.85928893089294
162.41494846343994
162.61655354499817
162.8680396080017
163.17051768302917
163.32309222221375
164.13249492645264
164.3343107700348
164.53522157669067
164.73647785186768
164.88735151290894
165.84757471084595
166.04980492591858
167.0584089756012
167.46285009384155
167.8153350353241
168.17528629302979
170.243008852005
170.6462757587433
171.00024127960205
171.35455679893494
173.27682948112488
173.4782269001007
173.4782269001007
173.68128848075867
173.84192371368408
174.20175457000732
174.76427125930786
175.31834268569946
175.82433104515076
176.38616919517517
176.88998007774353
177.24347400665283
177.59595894813538
177.95087027549744
178.30610847473145
178.65829515457153
178.86084294319153
179.21459221839905
179.569105386734
180.37490129470825
180.4768967628479
180.93144416809082
181.385755777359
181.83926105499268
183.81233954429626
184.014821767807
184.46815037727356
184.66907954216003
185.42540502548218
185.93014788627625
186.1322877407074
187.10138297080994
187.4547963142395
187.60487151145935
187.80665469169617
188.66356492042542
188.8657341003418
