3.6289312839508057
4.132530689239502
4.182913541793823
4.335388422012329
4.838930368423462
4.888972282409668
5.0424113273620605
5.595161199569702
5.796008348464966
5.948206186294556
6.1003453731536865
6.150351047515869
6.301474094390869
6.503232717514038
7.007355451583862
7.057386159896851
7.2089972496032715
8.824281454086304
9.025529861450195
9.183266162872314
9.233546495437622
9.385146379470825
9.587881326675415
9.78997802734375
9.840055704116821
11.656335353851318
11.706366539001465
11.907965660095215
12.060031652450562
12.261466026306152
13.876119136810303
14.078948974609375
14.229941844940186
14.431605577468872
14.633516073226929
14.834036111831665
15.235876560211182
15.787859678268433
15.838120698928833
15.989006519317627
16.44259762763977
16.64441442489624
17.14638352394104
17.346679210662842
17.548089504241943
17.75042152404785
17.902456521987915
18.104307413101196
18.658984899520874
18.80982279777527
18.859872341156006
20.06676149368286
20.26884150505066
20.419695138931274
20.46970510482788
20.620810508728027
20.67081642150879
20.82279682159424
21.024012088775635
21.526691913604736
21.57717251777649
21.729020595550537
22.98881220817566
23.140082597732544
23.343448638916016
23.544819831848145
23.695852994918823
23.74591088294983
23.896751403808594
23.946986198425293
24.60392427444458
24.654032945632935
25.30876326560974
25.712019205093384
26.114248275756836
26.31498956680298
26.516788482666016
26.820818185806274
27.328105688095093
27.3788104057312
27.52946901321411
27.83182668685913
28.18454337120056
28.486517667770386
28.63812828063965
28.839069366455078
29.041527032852173
29.30405020713806
29.354203939437866
29.605677604675293
29.95741057395935
30.15976047515869
30.310558557510376
30.613439083099365
30.815654516220093
31.067641496658325
31.11806297302246
31.41968297958374
31.572662353515625
31.77481198310852
31.974889755249023
32.22551894187927
32.27646350860596
32.52916073799133
32.833616495132446
33.03454875946045
33.23565697669983
33.43764019012451
33.48831367492676
33.79249358177185
34.34799265861511
34.49934983253479
34.70052456855774
34.900861740112305
35.20305395126343
35.71508765220642
35.765291690826416
35.91575241088867
36.11698865890503
36.31739401817322
36.62150764465332
36.82594084739685
37.17958402633667
37.229618310928345
37.38167858123779
37.73517107963562
37.885849475860596
37.93681263923645
39.54767465591431
39.69872570037842
39.74945855140686
40.00166440010071
40.15273356437683
40.35576272010803
40.65838432312012
41.01050019264221
41.0605046749115
41.41421294212341
42.62347960472107
42.6740026473999
42.82568907737732
42.97716689109802
43.02717137336731
43.178051471710205
43.38075923919678
43.582651138305664
43.93364095687866
44.336830615997314
45.34482145309448
45.54597735404968
47.20618772506714
47.50849628448486
47.91074991226196
48.26407718658447
48.66691708564758
48.81900143623352
49.02052354812622
49.22416567802429
49.42547392845154
49.775968074798584
50.129050493240356
50.42987775802612
50.630881547927856
50.98661160469055
51.389902114868164
51.7432427406311
52.095447301864624
52.14566659927368
52.44834041595459
53.00408697128296
53.35666012763977
53.55680966377258
53.908947706222534
54.26380920410156
54.31399965286255
54.66856837272644
54.969659090042114
55.01984643936157
55.37571167945862
56.281643867492676
56.4336359500885
56.48388981819153
56.63849115371704
56.789783000946045
56.84059524536133
57.19409990310669
57.548619985580444
57.75156307220459
57.90279269218445
58.104180574417114
58.3056902885437
58.65700316429138
58.707048177719116
59.21001625061035
59.36152362823486
59.411572217941284
59.61475610733032
59.766932249069214
59.81693935394287
60.119054555892944
60.16918706893921
60.47442984580994
60.67593836784363
60.8789587020874
61.03015947341919
61.23191022872925
61.434632301330566
61.73855471611023
62.092957973480225
62.29385018348694
62.646716833114624
62.697526693344116
63.002591371536255
63.35507822036743
63.40512681007385
63.75701951980591
64.10900378227234
64.15945172309875
64.51165652275085
64.66279649734497
65.01483535766602
65.16547989845276
65.21584677696228
65.6199541091919
65.92174458503723
66.32362508773804
66.67442846298218
66.97556614875793
67.37779211997986
67.8825957775116
68.0841166973114
68.24246597290039
68.44467520713806
68.84677767753601
69.20179080963135
69.35472679138184
69.50564551353455
69.708247423172
69.90890169143677
70.31084942817688
70.81517767906189
71.01773381233215
71.21901226043701
71.37071776390076
71.42072224617004
71.77379131317139
72.1255235671997
72.27652311325073
72.47847628593445
72.67911982536316
72.88080406188965
73.08089256286621