4.0872557163238525
4.390100717544556
4.541337728500366
4.794218063354492
5.0991880893707275
5.352274417877197
5.475742816925049
5.728798151016235
6.082321405410767
6.3328306674957275
6.483386993408203
6.736162185668945
7.04463267326355
7.2971227169036865
7.447946071624756
7.699209451675415
8.005763530731201
8.256436824798584
8.406966924667358
8.662221431732178
8.920227527618408
9.227442979812622
9.378337383270264
9.629417657852173
9.932465076446533
10.18425703048706
10.891928434371948
11.145549535751343
11.399253368377686
11.854218244552612
12.10788083076477
12.209323406219482
12.815234422683716
13.067535877227783
13.168365955352783
13.421608448028564
13.724878787994385
13.975633144378662
14.128115177154541
14.380510807037354
14.734198808670044
14.985857963562012
15.13732624053955
15.352212190628052
15.653965950012207
15.906309366226196
16.057503938674927
16.310075998306274
16.612621545791626
16.86593747138977
17.017322301864624
17.22252631187439
17.62720513343811
17.827961683273315
18.635327339172363
18.836219310760498
19.087406396865845
19.29192066192627
19.550153970718384
19.801790475845337
20.0039644241333
20.255057334899902
20.509685277938843
20.610639572143555
20.864922761917114
21.218148946762085
21.72208333015442
21.92409586906433
22.227962970733643
22.4304358959198
22.53174114227295
23.134607791900635
23.34233546257019
23.595489263534546
23.901108026504517
24.35690212249756
24.508285760879517
24.761186838150024
25.11250376701355
25.323151111602783
25.57721471786499
25.77936625480652
26.03115177154541
26.2321515083313
26.382930755615234
26.987863302230835
27.1882483959198
27.45037865638733
27.702049255371094
27.955008506774902
28.156708240509033
28.30738925933838
28.610685110092163
28.91305637359619
29.165751218795776
29.36946702003479
29.623064517974854
29.87620449066162
30.07726287841797
30.229275703430176
30.836182117462158
31.290361881256104
31.542507886886597
31.795166730880737
31.998005151748657
32.1494357585907
32.401814222335815
33.15806794166565
33.96626806259155
34.421566009521484
34.87732672691345
35.58403825759888
36.04222106933594
36.497371196746826
36.75008463859558
37.2559769153595
37.75913715362549
38.01028347015381
38.213112354278564
38.71817636489868
39.42574405670166
39.879082679748535
40.44000291824341
40.64150929450989
41.14513063430786
41.59810709953308
41.80169105529785
42.05865526199341
42.51225972175598
43.275043964385986
43.729106187820435
44.183053970336914
44.435362339019775
44.9414005279541
45.496267795562744
45.6969518661499
45.898070096969604
46.4080286026001
47.11697006225586
47.26758337020874
47.62120604515076
47.72208213806152
48.126375913619995
48.28092288970947
49.29723000526428
49.75099492073059
50.20609164237976
51.72301411628723
51.97525095939636
52.17811846733093
52.4305317401886
54.34727883338928
55.50926613807678
55.76204013824463
56.01488375663757
56.315871477127075
56.541192293167114
56.744956254959106
56.99740743637085
57.249698877334595
57.50174379348755
57.752721309661865
57.956108808517456
58.208107709884644
59.0671751499176
59.620875120162964
60.07806849479675
60.38012099266052
60.58187675476074
60.83898329734802
61.0966534614563
61.30001759529114
61.5532169342041
61.806904315948486
62.00857901573181
63.87880539894104
64.63441395759583
65.13974833488464
65.49166893959045
65.84523487091064
65.99716210365295
66.25204658508301
66.6033136844635
67.00718951225281
67.21608233451843
67.51904678344727
67.92217445373535
68.12422966957092
68.47712469100952
68.72876381874084
68.88006615638733
69.08204531669617
69.43851041793823
69.69020056724548
69.84147143363953
70.09407377243042
70.39806413650513
70.65047001838684
70.75124430656433
71.05415034294128
71.35571789741516
71.55748629570007
72.32690930366516
72.5783224105835
72.7803304195404
73.0831356048584
73.2860655784607
73.539959192276
73.69115829467773
73.8926146030426
74.24608254432678
74.50011849403381
74.60023331642151
74.85327482223511
75.15619611740112
75.41117811203003
75.562016248703
75.81217908859253
76.16342091560364
76.41636252403259
76.5673098564148
76.770352602005
77.07302761077881
78.5860390663147
78.98816585540771
79.2407500743866
80.66234803199768
80.96969962120056
81.22293496131897
81.47778916358948
81.73856091499329
82.10577654838562
82.35720539093018
82.66019606590271
82.96198844909668
83.2130868434906
83.46532464027405
83.67057657241821
83.92325711250305
84.02487063407898
84.63059544563293
84.83281946182251
85.08566641807556
85.28701615333557
85.5905351638794
85.80039119720459
85.95136880874634
86.20418190956116
86.55633664131165
86.80836319923401
87.01001954078674
87.26122283935547
87.46544480323792
87.67070817947388
87.82451057434082
88.42933773994446
88.68147468566895
88.93228530883789
89.1851532459259
89.43877959251404
89.6406922340393
89.74212670326233
90.04772210121155
90.40169024467468
90.60403299331665
90.80701613426208
91.05899810791016
91.31151247024536
91.56426620483398
91.66513872146606
92.32563042640686
92.52742409706116
92.78038454055786
93.03304934501648
93.28406429290771
93.48523354530334
93.63705968856812
93.89103674888611
94.65112853050232
95.36086797714233
95.86658358573914
96.32050275802612
97.02724623680115
97.4812240600586
97.98487591743469
98.19229817390442
98.69802403450012
99.20401501655579
99.45712113380432
99.7587661743164
100.21228885650635
100.86929941177368
101.32396578788757
101.82790923118591
102.07868313789368
102.54414916038513
103.00017881393433
103.25218796730042
103.50311040878296
104.00621843338013
104.76192378997803
105.21523404121399
105.66831707954407
105.92102313041687
106.37815237045288
106.83198094367981
107.08306884765625
107.33565711975098
107.8379557132721
109.95570278167725
110.76180934906006
111.26731181144714
111.72217583656311
112.27831506729126
112.47949481010437
112.68419170379639
112.84062123298645
113.1461398601532
113.40085101127625
113.7542371749878
114.15814757347107
114.3086371421814
114.459468126297
114.66158890724182
114.76295566558838
115.01743841171265
115.17570042610168
115.37785387039185
115.98222661018372
116.23314571380615
116.48701310157776
116.63720536231995
116.9401228427887
117.19412779808044
117.49785137176514
117.89916396141052
118.20392394065857
118.45615792274475
118.60851192474365
118.96172618865967
119.16723489761353
119.41741633415222
119.66994261741638
120.07428789138794
120.17601704597473
120.37693500518799
120.62827205657959
121.08323907852173
121.28627681732178
121.53802990913391
121.68910670280457
121.94235610961914
122.04425764083862
122.29632139205933
122.55010724067688
123.00382733345032
123.10643935203552
123.45983552932739
123.61175227165222
123.81893730163574
123.97100043296814
124.17263531684875
124.42412376403809
124.92827773094177
125.13265371322632
125.4359781742096
126.08938026428223
126.5955970287323
127.00069403648376
127.75759983062744
128.21198630332947
128.71870732307434
128.97127485275269
129.4263138771057
129.98021531105042
130.18130445480347
130.43493676185608
130.8906626701355
131.6002812385559
132.05218029022217
132.55822658538818
132.81120824813843
133.26421642303467
133.7724003791809
134.02329444885254
134.22511649131775
134.72779893875122
135.4342257976532
136.3924057483673
136.5949785709381
137.04920268058777
137.60611867904663
137.8105866909027
138.11223697662354
138.5674750804901
140.73497796058655
141.45025086402893
141.96427416801453
142.3173131942749
143.07817554473877
143.58287477493286
144.03760361671448
144.74236631393433
145.29910898208618
145.5516963005066
145.80419826507568
146.2110629081726
146.96691703796387
147.41965770721436
147.92407321929932
148.1431803703308
148.59718585014343
149.1049702167511
149.3069326877594
149.5594940185547
150.0724527835846
150.78101897239685
151.23648071289062
151.74216771125793
151.99557161331177
152.45048141479492
152.95418691635132
153.20802807807922
153.40994572639465
153.91423845291138
156.04123520851135
156.80298709869385
157.30704069137573
157.7099347114563
161.85097908973694
163.76876187324524
164.27390933036804
164.72603511810303
165.2307255268097
165.68628191947937
166.64674639701843
167.15163826942444
167.60529828071594
168.15897250175476
168.37127041816711
168.57320928573608
168.82592868804932
169.0783302783966
169.2832853794098
169.53736805915833
171.4069628715515
172.1653003692627
172.62199020385742
173.0271077156067
