3.6289312839508057
4.132530689239502
4.335388422012329
4.838930368423462
5.0424113273620605
5.595161199569702
5.796008348464966
5.948206186294556
6.1003453731536865
6.301474094390869
6.503232717514038
7.007355451583862
7.2089972496032715
8.824281454086304
9.025529861450195
9.183266162872314
9.385146379470825
9.587881326675415
9.78997802734375
11.656335353851318
11.907965660095215
12.060031652450562
12.261466026306152
13.876119136810303
14.078948974609375
14.229941844940186
14.431605577468872
14.633516073226929
14.834036111831665
15.235876560211182
15.787859678268433
15.989006519317627
16.44259762763977
16.64441442489624
17.14638352394104
17.346679210662842
17.548089504241943
17.75042152404785
17.902456521987915
18.104307413101196
18.658984899520874
18.80982279777527
20.06676149368286
20.26884150505066
20.419695138931274
20.620810508728027
20.82279682159424
21.024012088775635
21.526691913604736
21.729020595550537
22.98881220817566
23.140082597732544
23.343448638916016
23.544819831848145
23.695852994918823
23.896751403808594
24.60392427444458
25.30876326560974
25.712019205093384
26.114248275756836
26.31498956680298
26.516788482666016
26.820818185806274
27.328105688095093
27.52946901321411
27.83182668685913
28.18454337120056
28.486517667770386
28.63812828063965
28.839069366455078
29.041527032852173
29.30405020713806
29.605677604675293
29.95741057395935
30.15976047515869
30.310558557510376
30.613439083099365
30.815654516220093
31.067641496658325
31.41968297958374
31.572662353515625
31.77481198310852
31.974889755249023
32.22551894187927
32.52916073799133
32.833616495132446
33.03454875946045
33.23565697669983
33.43764019012451
33.79249358177185
34.34799265861511
34.49934983253479
34.70052456855774
34.900861740112305
35.20305395126343
35.71508765220642
35.91575241088867
36.11698865890503
36.31739401817322
36.62150764465332
36.82594084739685
37.17958402633667
37.38167858123779
37.73517107963562
37.885849475860596
39.54767465591431
39.69872570037842
40.00166440010071
40.15273356437683
40.35576272010803
40.65838432312012
41.01050019264221
41.41421294212341
42.62347960472107
42.82568907737732
42.97716689109802
43.178051471710205
43.38075923919678
43.582651138305664
43.93364095687866
44.336830615997314
45.34482145309448
45.54597735404968
47.20618772506714
47.50849628448486
47.91074991226196
48.26407718658447
48.66691708564758
48.81900143623352
49.02052354812622
49.22416567802429
49.42547392845154
49.775968074798584
50.129050493240356
50.42987775802612
50.630881547927856
50.98661160469055
51.389902114868164
51.7432427406311
52.095447301864624
52.44834041595459
53.00408697128296
53.35666012763977
53.55680966377258
53.908947706222534
54.26380920410156
54.66856837272644
54.969659090042114
55.37571167945862
56.281643867492676
56.4336359500885
56.63849115371704
56.789783000946045
57.19409990310669
57.548619985580444
57.75156307220459
57.90279269218445
58.104180574417114
58.3056902885437
58.65700316429138
59.21001625061035
59.36152362823486
59.61475610733032
59.766932249069214
60.119054555892944
60.47442984580994
60.67593836784363
60.8789587020874
61.03015947341919
61.23191022872925
61.434632301330566
61.73855471611023
62.092957973480225
62.29385018348694
62.646716833114624
63.002591371536255
63.35507822036743
63.75701951980591
64.10900378227234
64.51165652275085
64.66279649734497
65.01483535766602
65.16547989845276
65.6199541091919
65.92174458503723
66.32362508773804
66.67442846298218
66.97556614875793
67.37779211997986
67.8825957775116
68.0841166973114
68.24246597290039
68.44467520713806
68.84677767753601
69.20179080963135
69.35472679138184
69.50564551353455
69.708247423172
69.90890169143677
70.31084942817688
70.81517767906189
71.01773381233215
71.21901226043701
71.37071776390076
71.77379131317139
72.1255235671997
72.27652311325073
72.47847628593445
72.67911982536316
72.88080406188965
73.08089256286621
76.24391674995422
76.84896874427795
76.99997591972351
77.55935668945312
77.76012396812439
78.31400036811829
78.46510028839111
79.01794695854187
79.17009687423706
79.72667026519775
79.9286322593689
80.43156313896179
80.63371276855469
81.08904528617859
81.29088830947876
81.89599514007568
82.09766578674316
82.6499285697937
82.80097579956055
83.35785269737244
83.56002354621887
84.11465263366699
84.26556539535522
84.61770558357239
87.54490780830383
87.7457766532898
87.89758443832397
88.14804220199585
88.44978380203247
88.8538122177124
89.05594062805176
89.20759129524231
89.4108076095581
89.56266641616821
89.96694707870483
90.46802258491516
90.67094540596008
90.82251572608948
91.02512621879578
91.37755608558655
91.7797384262085
91.9301643371582
92.18484854698181
92.33607006072998
92.53795599937439
92.8399486541748
93.34585165977478
93.74773168563843
94.35175919532776
94.90827679634094
95.41296982765198
95.96649718284607
96.26768922805786
96.6202142238617
97.1741635799408
97.7295241355896
98.28360891342163
98.78759551048279
99.19275712966919
100.65527153015137
101.00933718681335
101.15973687171936
101.36179876327515
101.71496200561523
102.1188268661499
102.47003698348999
103.63158249855042
103.83397674560547
103.98577165603638
104.1365704536438
104.28754448890686
104.48877024650574
104.63996863365173
105.04190230369568
105.39477205276489
106.45880484580994
106.66178607940674
108.27699303627014
108.63250350952148
108.98785424232483
109.39159512519836
109.746009349823
109.9468765258789
110.09692096710205
110.2485249042511
110.50248908996582
110.85506200790405
111.25611066818237
111.50959801673889
111.71065831184387
112.1149845123291
112.51882791519165
112.87154507637024
113.22646450996399
113.57822871208191
114.0837836265564
114.48656415939331
114.63859581947327
115.04154777526855
115.39411926269531
115.75026869773865
116.10348773002625
116.45760226249695
117.3678252696991
117.57015752792358
117.77187132835388
117.92277431488037
118.27683877944946
118.62897324562073
118.7797498703003
118.98259425163269
119.18541288375854
119.34316492080688
119.54474830627441
119.74582552909851
120.29896211624146
120.50203275680542
120.65382814407349
120.8547477722168
121.20801091194153
121.5604362487793
121.71154761314392
121.91346335411072
122.11548089981079
122.26597189903259
122.46795320510864
122.81993818283081
123.22400093078613
123.37579154968262
123.77767753601074
124.12895727157593
124.48145031929016
124.83489108085632
125.18690347671509
125.58878517150879
125.73896431922913
126.14251613616943
126.34487104415894
126.69676113128662
127.04865789413452
127.39993834495544
127.7525622844696
128.1059923171997
128.45713877677917
129.0146107673645
129.16689896583557
129.3678925037384
129.51794123649597
129.92018580436707
130.270592212677
130.420836687088
130.62335109710693
130.82468152046204
130.9757833480835
131.3792417049408
131.88259601593018
132.08415031433105
132.28703331947327
132.43808126449585
132.83996844291687
133.1904501914978
133.34251761436462
133.54467964172363
133.74665760993958
133.89789271354675
134.14920854568481
134.5006730556488
134.85389637947083
135.0049638748169
135.40852808952332
135.75989699363708
136.36478447914124
136.81747460365295
137.1691837310791
137.67281103134155
137.8756468296051
138.2791931629181
138.63388395309448
140.2538583278656
140.65681147575378
140.8577299118042
141.21576523780823
141.56787204742432
142.27172994613647
142.62580943107605
143.0298376083374
144.49365091323853
146.0537531375885
146.4566285610199
146.6572663784027
147.01055192947388
147.36468696594238
148.02688574790955
148.427978515625
148.8345332145691
149.54085731506348
149.94424629211426
150.34745812416077
151.90642976760864
152.2616150379181
152.46317267417908
152.86686277389526
153.21899223327637
153.87590336799622
154.27752256393433
154.62977051734924
156.04084372520447
158.10564374923706
158.25870323181152
158.45885348320007
158.66180515289307
159.06622695922852
159.5698471069336
159.72267532348633
159.92479705810547
160.12770748138428
160.27945685386658
