0.37333333333333335
0.7573333333333333
1.1733333333333333
1.6
2.08
2.5813333333333333
3.136
3.6906666666666665
4.16
4.650666666666667
5.088
5.514666666666667
5.994666666666666
6.496
7.093333333333334
7.690666666666667
8.181333333333333
8.672
9.162666666666667
9.642666666666667
10.144
10.624
11.114666666666666
11.594666666666667
12.085333333333333
12.565333333333333
13.077333333333334
13.546666666666667
14.037333333333333
14.528
15.018666666666666
15.498666666666667
15.989333333333333
16.469333333333335
16.96
17.450666666666667
17.941333333333333
18.432
18.922666666666668
19.402666666666665
19.893333333333334
20.373333333333335
20.842666666666666
21.354666666666667
21.845333333333333
22.325333333333333
22.794666666666668
23.296
23.786666666666665
24.277333333333335
24.778666666666666
25.248
25.738666666666667
26.229333333333333
26.730666666666668
27.2
27.690666666666665
28.181333333333335
28.682666666666666
29.152
29.642666666666667
30.133333333333333
30.634666666666668
31.104
31.594666666666665
32.08533333333333
32.576
33.056
33.54666666666667
34.026666666666664
34.538666666666664
35.008
35.498666666666665
35.989333333333335
36.48
36.949333333333335
37.44
37.93066666666667
38.42133333333334
38.912
39.392
39.882666666666665
40.373333333333335
40.864
41.35466666666667
41.845333333333336
42.37866666666667
42.816
43.296
43.78666666666667
44.266666666666666
44.757333333333335
45.25866666666667
45.73866666666667
46.22933333333334
46.72
47.21066666666667
47.690666666666665
48.181333333333335
48.672
49.152
49.64266666666666
50.13333333333333
50.624
51.104
51.59466666666667
52.096
52.576
53.056
53.54666666666667
54.048
54.528
55.01866666666667
55.498666666666665
55.989333333333335
56.46933333333333
56.96
57.45066666666666
57.94133333333333
58.42133333333334
58.912
59.392
59.89333333333333
60.373333333333335
60.864
61.344
61.834666666666664
62.32533333333333
62.816
63.306666666666665
63.797333333333334
64.27733333333333
64.768
65.248
65.70666666666666
66.22933333333333
66.72
67.2
67.69066666666667
68.18133333333333
68.672
69.152
69.64266666666667
70.13333333333334
70.60266666666666
71.06133333333334
71.584
72.08533333333334
72.576
73.056
73.55733333333333
74.03733333333334
74.48533333333333
75.008
75.50933333333333
75.97866666666667
76.48
76.96
77.46133333333333
77.94133333333333
78.42133333333334
78.912
79.41333333333333
79.89333333333333
80.37333333333333
80.864
81.376
81.84533333333333
82.32533333333333
82.816
83.30666666666667
83.78666666666666
84.27733333333333
84.75733333333334
85.26933333333334
85.73866666666666
86.22933333333333
86.70933333333333
87.21066666666667
87.69066666666667
88.192
88.672
89.16266666666667
89.64266666666667
90.13333333333334
90.624
91.11466666666666
91.59466666666667
92.08533333333334
92.56533333333333
93.06666666666666
93.54666666666667
94.03733333333334
94.51733333333334
95.008
95.49866666666667
95.98933333333333
96.48
96.96
97.45066666666666
97.94133333333333
98.432
98.92266666666667
99.40266666666666
99.88266666666667
100.37333333333333
100.81066666666666
101.35466666666666
101.84533333333333
102.32533333333333
102.816
103.30666666666667
103.79733333333333
104.27733333333333
104.75733333333334
105.248
105.73866666666666
106.22933333333333
106.73066666666666
107.2
107.69066666666667
108.18133333333333
108.66133333333333
109.152
109.632
110.13333333333334
110.61333333333333
111.104
111.59466666666667
112.08533333333334
112.576
113.056
113.54666666666667
114.03733333333334
114.51733333333334
115.008
115.488
115.98933333333333
116.45866666666667
116.96
117.45066666666666
117.94133333333333
118.42133333333334
118.912
119.392
119.89333333333333
120.384
120.864
121.35466666666666
121.83466666666666
122.336
122.816
123.296
123.78666666666666
124.288
124.768
125.25866666666667
125.73866666666666
126.22933333333333
126.72
127.2
127.69066666666667
128.18133333333333
128.672
129.152
129.64266666666666
130.08
130.61333333333334
131.104
131.59466666666665
132.096
132.576
133.056
133.54666666666665
134.03733333333332
134.528
134.99733333333333
135.49866666666668
135.97866666666667
136.46933333333334
136.96
137.45066666666668
137.94133333333335
138.432
138.912
139.40266666666668
139.89333333333335
140.37333333333333
140.864
141.35466666666667
141.84533333333334
142.32533333333333
142.80533333333332
143.296
143.79733333333334
144.27733333333333
144.75733333333332
145.25866666666667
145.77066666666667
146.22933333333333
146.72
147.2
147.69066666666666
148.18133333333333
148.672
149.152
149.664
150.13333333333333
150.624
151.104
151.60533333333333
152.08533333333332
152.576
153.06666666666666
153.55733333333333
154.03733333333332
154.528
155.008
155.50933333333333
155.98933333333332
156.48
156.96
157.46133333333333
157.94133333333335
158.432
158.92266666666666
159.41333333333333
159.904
160.384
160.87466666666666
161.36533333333333
161.84533333333334
162.32533333333333
162.816
163.31733333333332
163.79733333333334
164.288
164.768
165.248
165.73866666666666
166.22933333333333
166.72
167.21066666666667
167.70133333333334
168.192
168.68266666666668
169.17333333333335
169.65333333333334
170.144
170.63466666666667
171.136
171.60533333333333
172.08533333333332
172.576
173.06666666666666
173.55733333333333
174.03733333333332
174.528
175.008
175.49866666666668
175.98933333333332
176.48
176.96
177.45066666666668
177.94133333333335
178.41066666666666
178.912
179.392
179.89333333333335
180.384
180.864
181.35466666666667
181.824
182.31466666666665
182.79466666666667
183.30666666666667
183.79733333333334
184.27733333333333
184.768
185.25866666666667
185.73866666666666
186.22933333333333
186.72
187.2
187.70133333333334
188.18133333333333
188.672
189.16266666666667
189.64266666666666
190.12266666666667
190.61333333333334
191.104
191.59466666666665
192.07466666666667
192.576
193.06666666666666
193.54666666666665
194.03733333333332
194.528
195.008
195.49866666666668
195.98933333333332
196.48
196.96
197.45066666666668
197.93066666666667
198.42133333333334
198.912
199.40266666666668
199.89333333333335
200.384
200.864
201.35466666666667
201.84533333333334
202.336
202.816
203.30666666666667
203.78666666666666
204.29866666666666
204.768
205.25866666666667
205.73866666666666
206.24
206.72
207.2
207.69066666666666
208.18133333333333
208.672
209.16266666666667
209.64266666666666
210.13333333333333
210.624
211.11466666666666
211.59466666666665
212.07466666666667
212.56533333333334
213.056
213.54666666666665
