8.781771421432495
8.983672857284546
9.185737371444702
9.437589883804321
9.641766548156738
9.945061445236206
10.4026038646698
10.9074547290802
11.36259937286377
12.575515985488892
12.878724098205566
13.081239223480225
13.333152532577515
13.586645603179932
13.788913249969482
14.244151830673218
14.697920322418213
16.46468710899353
16.71665382385254
16.96823763847351
17.218810081481934
17.471826791763306
17.72507333755493
18.180513620376587
18.686519145965576
19.190985918045044
20.402068853378296
20.654633283615112
20.906583547592163
21.16054892539978
21.361213445663452
21.625054121017456
22.842515230178833
23.094736576080322
23.29654884338379
23.799776315689087
24.559610605239868
24.761613368988037
25.0131733417511
25.279646635055542
26.490861177444458
26.79393196105957
26.995519876480103
27.247851371765137
28.41161823272705
28.66515040397644
28.917540311813354
29.220689296722412
29.422537326812744
29.623644828796387
30.02813982963562
30.53365206718445
30.988474130630493
31.190533876419067
31.44193696975708
32.253741979599
32.55770564079285
32.81102705001831
33.062721490859985
33.36505317687988
34.274497270584106
34.527257204055786
34.778664350509644
35.03135299682617
35.53678107261658
36.95114278793335
37.20464253425598
37.45573282241821
37.708691120147705
37.96027445793152
38.221036195755005
38.42277383804321
38.6251220703125
38.92759943008423
39.43251609802246
39.83621788024902
40.44410991668701
40.84652066230774
41.35110878944397
41.70507049560547
42.562713623046875
42.866082429885864
43.16966772079468
43.72466254234314
44.481635332107544
44.73366904258728
44.985856771469116
45.236955404281616
45.642719745635986
45.99603056907654
46.19794034957886
46.45103740692139
46.70369577407837
47.461294174194336
47.712719678878784
47.91679000854492
48.22450280189514
48.67750525474548
48.92993426322937
49.18246030807495
50.39360427856445
50.745685338974
51.097639322280884
51.450605630874634
51.854185581207275
52.10600781440735
52.50975441932678
52.81332564353943
53.11444354057312
53.41754865646362
53.769591093063354
54.02226758003235
54.22508525848389
54.4826123714447
54.987568378448486
56.754575967788696
56.95715308189392
57.15851950645447
57.46365761756897
57.71658253669739
57.968618869781494
58.221635818481445
58.422324895858765
58.67367959022522
58.92561721801758
60.59389591217041
60.845701694488525
61.09691667556763
61.350594997406006
61.60256266593933
61.854615688323975
62.10655999183655
62.35858869552612
62.57271194458008
62.8246328830719
64.48975658416748
64.74205446243286
65.09521102905273
65.44742107391357
65.69985461235046
66.0526237487793
66.40739011764526
66.70967721939087
67.72141766548157
68.17744278907776
68.68009519577026
69.13638401031494
71.01683759689331
71.26956105232239
71.52245211601257
72.07640933990479
72.27832555770874
72.9820282459259
73.23445272445679
73.4874279499054
73.89143466949463
74.49585199356079
74.69864678382874
74.95101165771484
75.25693988800049
75.50966143608093
75.76267457008362
75.96417593955994
76.21556377410889
76.41688847541809
76.92220759391785
77.17966222763062
77.43140006065369
77.78486394882202
78.3387725353241
78.64153623580933
78.89361906051636
79.09489321708679
79.39759421348572
79.85265922546387
80.35760498046875
80.8637444972992
81.06552934646606
81.31950163841248
81.67179846763611
82.28070592880249
82.53366780281067
82.7858362197876
83.03861951828003
83.2905809879303
83.54375767707825
83.75259304046631
84.00560522079468
84.25779104232788
84.71293067932129
85.06475234031677
85.26659989356995
86.17564630508423
86.37670731544495
86.62879753112793
87.13722467422485
87.38862895965576
87.6446795463562
88.09657406806946
88.60187530517578
88.85556507110596
89.10771799087524
89.3607485294342
89.66363215446472
89.8644609451294
90.36978197097778
90.77251958847046
91.3266990184784
92.48538279533386
92.73639011383057
92.9887011051178
93.29165482521057
93.49325108528137
93.69440460205078
94.20039224624634
94.70499873161316
96.36972284317017
96.6211838722229
96.87611055374146
97.12635612487793
97.42882680892944
97.63135552406311
98.13639640808105
98.64166259765625
99.14677166938782
99.65359878540039
100.30853056907654
100.8126482963562
101.31570529937744
101.51819920539856
101.77066588401794
102.02462816238403
102.2763454914093
102.47881627082825
104.44449710845947
104.74736332893372
105.00124263763428
105.20305466651917
105.4131691455841
105.66766667366028
105.87034749984741
106.42471432685852
106.67734265327454
106.92867136001587
107.13075757026672
107.38266968727112
107.63470077514648
109.34879422187805
109.55093502998352
109.85483407974243
110.25938558578491
110.51062273979187
110.7627923488617
111.01737070083618
111.26991939544678
111.52362561225891
113.44261860847473
113.74457263946533
114.14871764183044
114.40155982971191
115.20822095870972
115.40974473953247
115.66277527809143
116.11522030830383
116.3684995174408
117.07380700111389
117.32649683952332
117.78233122825623
118.08535861968994
118.28672552108765
118.5377881526947
119.29503011703491
119.80152916908264
120.30814409255981
121.11468505859375
121.46944403648376
121.77727890014648
121.97790670394897
122.28233742713928
123.24080777168274
123.69526934623718
124.19867539405823
125.05674171447754
125.40986633300781
125.66731286048889
125.8687093257904
126.12003183364868
126.32269072532654
126.62473344802856
127.1304612159729
127.38331532478333
127.8377320766449
128.0893018245697
128.34275341033936
128.59566020965576
128.79747319221497
129.10037279129028
129.4549081325531
129.75752472877502
130.00846433639526
130.3617343902588
130.76510977745056
131.01948142051697
132.0296666622162
132.4853150844574
132.94147109985352
133.24584197998047
133.44754004478455
135.37029552459717
135.87429356575012
136.07829761505127
136.38320994377136
136.5847728252411
137.39475202560425
137.59594130516052
137.84788465499878
138.2037069797516
138.75928831100464
139.01307010650635
139.26801419258118
139.51954650878906
139.77293753623962
139.9743938446045
140.27776885032654
140.53128623962402
140.73327326774597
141.28661394119263
141.49397993087769
141.74535298347473
142.0983293056488
142.50429844856262
142.7066044807434
142.90982246398926
143.16229248046875
143.41467952728271
143.66758799552917
143.92166805267334
144.17407298088074
144.67528319358826
145.12771821022034
145.37970447540283
145.5812804698944
145.98383712768555
146.59940481185913
146.85233330726624
147.05464935302734
147.35925698280334
147.5613832473755
147.8147485256195
148.01633763313293
148.28060007095337
148.53249311447144
149.0386164188385
149.54270124435425
150.45229840278625
150.70366597175598
150.95678806304932
151.20973229408264
151.46281814575195
151.71471524238586
151.96857237815857
152.47371912002563
152.97579264640808
153.17750453948975
153.43062376976013
153.68263602256775
153.93534803390503
154.13731479644775
154.59424114227295
155.09973287582397
155.60556268692017
156.76758694648743
157.0861074924469
157.2877471446991
157.54088950157166
157.79376816749573
158.04575037956238
158.54837894439697
159.00360441207886
160.72039413452148
160.97230124473572
161.22466826438904
161.42708230018616
161.68055844306946
161.9335651397705
162.43926215171814
162.9427707195282
163.44705843925476
163.85174465179443
164.60811591148376
165.11288261413574
165.62149906158447
165.82345485687256
166.07479906082153
166.3277599811554
166.52936911582947
166.7821979522705
168.80059695243835
169.50576519966125
170.36402559280396
171.42421555519104
172.3852665424347
173.39486718177795
174.30739831924438
175.31721210479736
176.29086089134216
177.25260663032532
177.5037009716034
178.2108588218689
179.06787657737732
179.37464666366577
179.68237233161926
180.1392524242401
180.4934573173523
180.9996476173401
181.2521471977234
184.13183999061584
184.38544058799744
184.58804988861084
184.94175171852112
185.59732007980347
185.85046124458313
186.0527172088623
186.30561876296997
186.55797481536865
186.8104453086853
187.061669588089
187.26240730285645
187.51545763015747
188.02462649345398
188.27602195739746
188.52932620048523
188.83256149291992
189.23651242256165
189.4381992816925
189.6894772052765
189.94373273849487
190.14473176002502
190.44633722305298
190.69722962379456
190.89954781532288
191.40379095077515
191.90924978256226
192.16149520874023
192.41369462013245
192.7668559551239
193.12372064590454
193.37602543830872
193.57832646369934
193.7795763015747
194.0341727733612
194.33721780776978
194.53921270370483
194.84372568130493
195.09597182273865
195.2972390651703
195.6506130695343
196.15570497512817
196.35756850242615
197.06373524665833
197.26472854614258
197.51773643493652
197.71924757957458
197.9715132713318
198.48117208480835
198.73244619369507
199.23617887496948
199.6903941631317
199.94295954704285
200.19515919685364
200.44779229164124
200.700665473938
200.90324187278748
201.40766835212708
201.86254858970642
202.36761498451233
203.58316731452942
203.83517694473267
204.0866448879242
204.3392894268036
204.59234356880188
204.79351711273193
205.29721856117249
205.80213260650635
207.46773266792297
207.72092127799988
207.97357869148254
208.22706484794617
208.43020868301392
208.73426032066345
209.1881458759308
209.64215421676636
210.19799089431763
210.61245679855347
211.8741593360901
212.12771105766296
212.3302195072174
212.8371500968933
213.03964281082153
213.34636068344116
213.5477602481842
