0.37333333333333335
0.7466666666666667
1.12
1.3546666666666667
1.472
1.6
1.8453333333333333
2.08
2.570666666666667
3.072
3.3066666666666666
3.68
4.032
4.16
4.277333333333333
4.661333333333333
5.258666666666667
5.504
5.749333333333333
5.984
6.485333333333333
6.848
6.965333333333334
7.456
7.690666666666667
8.181333333333333
8.672
9.397333333333334
9.642666666666667
9.898666666666667
10.144
10.613333333333333
11.349333333333334
11.594666666666667
12.085333333333333
12.565333333333333
13.301333333333334
13.546666666666667
14.037333333333333
14.517333333333333
15.253333333333334
15.498666666666667
15.744
15.989333333333333
16.469333333333335
17.205333333333332
17.450666666666667
17.941333333333333
18.421333333333333
19.157333333333334
19.402666666666665
19.893333333333334
20.362666666666666
20.832
21.098666666666666
21.344
21.6
21.845333333333333
22.026666666666667
22.325333333333333
22.581333333333333
23.04
23.285333333333334
23.552
23.786666666666665
24.277333333333335
24.522666666666666
25.002666666666666
25.226666666666667
25.504
25.6
25.738666666666667
25.877333333333333
26.218666666666667
26.464
26.72
26.954666666666668
27.093333333333334
27.2
27.690666666666665
28.074666666666666
28.181333333333335
28.426666666666666
28.672
28.906666666666666
29.130666666666666
29.408
29.642666666666667
29.898666666666667
29.962666666666667
30.122666666666667
30.378666666666668
30.634666666666668
30.858666666666668
31.104
31.349333333333334
31.477333333333334
31.594666666666665
31.968
32.074666666666666
32.29866666666667
32.330666666666666
32.576
32.81066666666667
33.04533333333333
33.312
33.54666666666667
34.026666666666664
34.272
34.528
34.76266666666667
34.90133333333333
35.008
35.488
35.97866666666667
36.23466666666667
36.48
36.714666666666666
36.928
36.96
37.205333333333336
37.42933333333333
37.93066666666667
38.18666666666667
38.63466666666667
38.666666666666664
38.912
39.157333333333334
39.36
39.40266666666667
39.882666666666665
40.138666666666666
40.224
40.36266666666667
40.586666666666666
40.61866666666667
40.85333333333333
41.10933333333333
41.344
41.717333333333336
41.834666666666664
42.37866666666667
42.56
42.816
43.050666666666665
43.168
43.296
43.78666666666667
44.04266666666667
44.48
44.512
44.757333333333335
45.013333333333335
45.13066666666667
45.248
45.73866666666667
45.952
45.984
46.474666666666664
46.72
46.965333333333334
47.2
47.434666666666665
47.690666666666665
47.925333333333334
48.17066666666667
48.309333333333335
48.416
48.522666666666666
48.66133333333333
48.91733333333333
49.13066666666667
49.632
50.144
50.346666666666664
50.37866666666667
50.624
51.104
51.59466666666667
51.861333333333334
52.096
52.32
52.437333333333335
52.565333333333335
52.81066666666667
53.056
53.30133333333333
53.42933333333333
53.54666666666667
53.792
54.272
55.008
55.498666666666665
55.97866666666667
56.224
56.36266666666667
56.46933333333333
56.72533333333333
56.842666666666666
56.96
57.44
57.57866666666666
57.717333333333336
57.80266666666667
57.93066666666667
58.176
58.31466666666667
58.42133333333334
58.666666666666664
58.912
59.392
59.882666666666665
60.128
60.266666666666666
60.373333333333335
60.61866666666667
60.864
61.10933333333333
61.32266666666667
61.717333333333336
61.824
62.08
62.32533333333333
62.56
62.80533333333333
63.296
63.78666666666667
64.032
64.27733333333333
64.52266666666667
64.75733333333334
65.01333333333334
65.25866666666667
65.472
65.696
65.74933333333334
65.984
66.22933333333333
66.47466666666666
66.70933333333333
67.2
67.68
67.936
68.13866666666667
68.18133333333333
68.66133333333333
68.91733333333333
69.152
69.39733333333334
69.64266666666667
70.13333333333334
71.05066666666667
71.31733333333334
71.456
71.57333333333334
71.84
72.07466666666667
72.32
72.56533333333333
73.056
73.792
74.03733333333334
74.28266666666667
74.47466666666666
75.008
75.25333333333333
75.44533333333334
75.49866666666667
75.73333333333333
75.97866666666667
76.48
76.96
77.696
77.94133333333333
78.176
78.42133333333334
78.67733333333334
78.90133333333333
79.392
79.88266666666667
80.128
80.37333333333333
80.85333333333334
81.6
81.83466666666666
82.32533333333333
82.816
83.072
83.296
83.54133333333333
83.78666666666666
84.27733333333333
84.75733333333334
85.088
85.504
85.73866666666666
85.984
86.22933333333333
86.47466666666666
86.70933333333333
86.96533333333333
87.21066666666667
87.44533333333334
87.69066666666667
87.936
88.18133333333333
88.672
88.91733333333333
89.39733333333334
89.64266666666667
89.89866666666667
90.13333333333334
90.624
91.34933333333333
92.07466666666667
92.56533333333333
93.30133333333333
93.54666666666667
94.03733333333334
94.51733333333334
95.49866666666667
95.744
95.98933333333333
96.46933333333334
97.20533333333333
97.45066666666666
98.42133333333334
99.15733333333333
99.89333333333333
100.37333333333333
100.8
101.10933333333334
101.344
101.6
101.792
102.31466666666667
103.05066666666667
103.552
103.78666666666666
104.27733333333333
105.00266666666667
105.248
105.48266666666666
105.728
105.86666666666666
106.112
106.22933333333333
106.51733333333334
106.72
106.944
107.2
107.41333333333333
107.69066666666667
108.18133333333333
108.43733333333333
108.90666666666667
109.152
109.39733333333334
109.61066666666666
109.64266666666667
109.80266666666667
109.97333333333333
110.12266666666666
110.368
110.60266666666666
110.85866666666666
111.09333333333333
111.33866666666667
111.59466666666667
112.08533333333334
112.81066666666666
113.056
113.30133333333333
113.54666666666667
113.78133333333334
114.02666666666667
114.4
114.76266666666666
114.86933333333333
115.008
115.24266666666666
115.46666666666667
115.70133333333334
115.82933333333334
115.97866666666667
116.21333333333334
116.45866666666667
116.71466666666667
116.96
117.20533333333333
117.45066666666666
117.93066666666667
118.41066666666667
118.66666666666667
118.90133333333333
119.15733333333333
119.38133333333333
119.88266666666667
120.13866666666667
120.384
120.61866666666667
120.85333333333334
121.10933333333334
121.23733333333334
121.35466666666666
121.48266666666666
121.58933333333333
121.83466666666666
122.08
122.32533333333333
122.57066666666667
122.70933333333333
122.816
123.05066666666667
123.296
123.68
123.78666666666666
124.04266666666666
124.27733333333333
124.52266666666667
124.75733333333334
125.152
125.25866666666667
125.504
125.73866666666666
125.96266666666666
125.99466666666666
126.22933333333333
126.47466666666666
126.70933333333333
126.95466666666667
127.2
127.56266666666667
127.68
127.91466666666666
128.096
128.39466666666667
128.42666666666668
128.66133333333335
128.91733333333335
129.152
129.64266666666666
129.84533333333334
130.06933333333333
130.37866666666667
130.51733333333334
130.61333333333334
130.83733333333333
131.104
131.59466666666665
131.84
132.08533333333332
132.32
132.56533333333334
132.82133333333334
133.056
133.312
133.54666666666665
133.80266666666665
134.02666666666667
134.28266666666667
134.51733333333334
135.488
135.744
135.97866666666667
136.224
136.46933333333334
136.71466666666666
136.96
137.45066666666668
137.93066666666667
138.176
138.42133333333334
138.67733333333334
138.912
139.15733333333333
139.28533333333334
139.40266666666668
139.62666666666667
139.88266666666667
140.128
140.59733333333332
140.75733333333332
140.864
141.344
142.08
142.32533333333333
142.58133333333333
142.816
143.296
143.552
143.79733333333334
144.01066666666668
144.27733333333333
144.52266666666668
144.736
144.768
145.248
145.984
146.22933333333333
146.48533333333333
146.72
146.96533333333332
147.2
147.44533333333334
147.68
147.936
148.18133333333333
148.43733333333333
148.66133333333335
149.152
149.888
150.13333333333333
150.37866666666667
150.61333333333334
150.86933333333334
151.104
151.36
151.59466666666665
151.82933333333332
152.07466666666667
152.33066666666667
152.576
153.312
153.792
154.03733333333332
154.528
155.008
155.744
155.98933333333332
156.46933333333334
156.96
157.696
157.94133333333335
158.432
158.92266666666666
160.13866666666667
160.384
160.87466666666666
161.6
161.84533333333334
162.10133333333334
162.816
163.78666666666666
164.768
165.184
165.49333333333334
165.73866666666666
165.984
166.18666666666667
166.22933333333333
166.336
166.47466666666668
166.70933333333332
166.96533333333332
167.456
167.69066666666666
169.64266666666666
169.888
170.32533333333333
170.368
170.86933333333334
171.14666666666668
171.264
171.488
171.60533333333333
171.84
172.08533333333332
172.576
173.54666666666665
173.792
174.208
174.51733333333334
174.76266666666666
174.86933333333334
175.008
175.17866666666666
175.33866666666665
175.648
175.81866666666667
175.97866666666667
176.23466666666667
176.46933333333334
176.71466666666666
176.96
177.20533333333333
177.33333333333334
177.44
177.68533333333335
177.93066666666667
178.176
178.656
178.90133333333333
179.15733333333333
179.648
179.89333333333335
180.13866666666667
180.864
181.19466666666668
181.344
181.51466666666667
181.67466666666667
182.464
182.58133333333333
182.784
183.05066666666667
183.296
183.78666666666666
184.27733333333333
185.01333333333332
185.504
185.73866666666666
186.464
186.70933333333332
186.95466666666667
187.21066666666667
188.17066666666668
188.672
188.91733333333335
189.152
189.632
189.888
190.112
190.61333333333334
191.34933333333333
191.59466666666665
192.82133333333334
193.312
193.51466666666667
193.54666666666665
193.89866666666666
194.03733333333332
194.272
194.51733333333334
194.76266666666666
195.008
195.49866666666668
195.872
195.97866666666667
196.30933333333334
196.72533333333334
196.96
197.20533333333333
197.44
197.696
197.93066666666667
198.19733333333335
198.66666666666666
198.90133333333333
199.15733333333333
199.40266666666668
199.89333333333335
200.61866666666666
200.864
201.35466666666667
201.84533333333334
202.57066666666665
202.816
203.30666666666667
203.78666666666666
204.52266666666668
204.768
205.024
205.25866666666667
205.73866666666666
206.70933333333332
206.96533333333332
207.2
207.69066666666666
208.42666666666668
208.672
210.37866666666667
210.624
211.104
211.59466666666665
212.33066666666667
212.56533333333334
212.81066666666666
213.01333333333332
213.536
214.28266666666667
214.51733333333334
